{
 "cells": [
  {
   "cell_type": "code",
   "execution_count": 34,
   "metadata": {},
   "outputs": [
    {
     "name": "stdout",
     "output_type": "stream",
     "text": [
      "EigResult(eigenvalues=array([1.01542175e+02, 3.26826739e+00, 2.52070475e+00, 1.97750103e+00,\n",
      "       1.74279213e+00, 1.47304034e+00, 1.27209699e+00, 8.85695457e-01,\n",
      "       7.25877047e-01, 7.78340995e-01, 7.71422088e-01, 4.18545872e-01,\n",
      "       2.50240862e-01, 4.21093340e-04, 9.42120235e-03, 2.79522333e-02,\n",
      "       6.25085160e-02, 1.10437550e-01, 1.41580209e-01, 1.36640877e-01],\n",
      "      dtype=float32), eigenvectors=array([[ 0.22870028,  0.27388266, -0.08097092,  0.05435   , -0.10077494,\n",
      "         0.44195655, -0.00612023, -0.18981065, -0.4173992 , -0.2079244 ,\n",
      "         0.1841544 , -0.33264714,  0.03306986,  0.01741529, -0.04389202,\n",
      "         0.28357404, -0.11302253, -0.02315633, -0.03471884,  0.4016904 ],\n",
      "       [ 0.21161899,  0.06742477,  0.07791968,  0.20293169,  0.02585313,\n",
      "         0.24326688,  0.00430301,  0.268967  , -0.10312484, -0.08700379,\n",
      "        -0.2589222 ,  0.03562609,  0.06098564,  0.07935239, -0.20473906,\n",
      "         0.38978007,  0.3110114 ,  0.06485765, -0.26961482, -0.5542508 ],\n",
      "       [ 0.20508136,  0.19624037,  0.01286388,  0.17652407,  0.05401032,\n",
      "        -0.07275082,  0.05834905, -0.3427439 , -0.34886748,  0.4981876 ,\n",
      "         0.05332282,  0.0785559 , -0.01622252,  0.11536422,  0.00342114,\n",
      "        -0.14392538,  0.34735444, -0.04907772,  0.43943334, -0.17217155],\n",
      "       [ 0.24053907, -0.3157052 , -0.10518253, -0.26768598,  0.33907515,\n",
      "         0.22226533, -0.09976452,  0.39285034, -0.01007113,  0.2128495 ,\n",
      "         0.22507843, -0.3915651 ,  0.06606867, -0.04450272,  0.36772212,\n",
      "        -0.06555911,  0.1232939 ,  0.03872486,  0.11275725, -0.08016073],\n",
      "       [ 0.23686555, -0.01647313,  0.11743739, -0.10788496, -0.27148113,\n",
      "         0.16680987,  0.07494131, -0.02985526,  0.4708794 ,  0.05455868,\n",
      "        -0.01476975, -0.04103838,  0.6101417 ,  0.03420785, -0.26648036,\n",
      "         0.04700507, -0.00241673,  0.09247599,  0.35291377,  0.06148252],\n",
      "       [ 0.18243812, -0.20998703,  0.03636922,  0.00912375,  0.20943952,\n",
      "         0.06253552,  0.6129168 ,  0.1847485 , -0.1374984 ,  0.08804493,\n",
      "         0.18554029,  0.41321066,  0.10912921,  0.2901289 , -0.11283475,\n",
      "        -0.04748649, -0.07461695, -0.1297775 , -0.20273226,  0.2392424 ],\n",
      "       [ 0.2397226 ,  0.27847597,  0.3217084 , -0.44619352, -0.04159543,\n",
      "        -0.16069503, -0.01950658,  0.05287063, -0.03804496,  0.39909506,\n",
      "         0.01569861,  0.02916333, -0.1551551 , -0.25108156, -0.17411186,\n",
      "         0.06406591, -0.07537194,  0.36865234, -0.30878633,  0.10669052],\n",
      "       [ 0.22985367,  0.04485149,  0.22258307,  0.15044105, -0.11949985,\n",
      "         0.26776668,  0.10031848,  0.14052019,  0.12010293, -0.05270787,\n",
      "        -0.47263208, -0.17383067, -0.37344146,  0.2480232 ,  0.04668814,\n",
      "        -0.49097314, -0.03483365,  0.11848659,  0.064401  ,  0.15093684],\n",
      "       [ 0.23367679,  0.15186875, -0.12041105, -0.2750264 ,  0.20114516,\n",
      "        -0.2305831 ,  0.21139854, -0.08832695,  0.03632597, -0.08859377,\n",
      "        -0.47057927,  0.03208573, -0.03707309,  0.09646313,  0.33478662,\n",
      "         0.407765  , -0.28581843, -0.12429886,  0.2579423 , -0.04152304],\n",
      "       [ 0.23118405, -0.15808047, -0.02445859,  0.16799128,  0.30757868,\n",
      "        -0.2249149 , -0.15468754, -0.18854089,  0.28981057, -0.10841104,\n",
      "        -0.08398931, -0.00602475, -0.09486097,  0.00645749, -0.04395629,\n",
      "         0.1998878 ,  0.54137087,  0.08814246, -0.11497959,  0.46930617],\n",
      "       [ 0.2418483 , -0.11127833, -0.4419789 ,  0.28158134,  0.06401725,\n",
      "        -0.04686547, -0.21119447, -0.04203501, -0.16899747,  0.04830887,\n",
      "        -0.17196378,  0.21671143,  0.27905762, -0.08530991,  0.07741508,\n",
      "        -0.17799307, -0.29773965,  0.5184627 , -0.11799984,  0.0139888 ],\n",
      "       [ 0.16568922,  0.03173074, -0.10158549,  0.39513507, -0.15516241,\n",
      "        -0.35379082, -0.15539756,  0.32245022,  0.1367787 ,  0.32912263,\n",
      "         0.15493523, -0.26191515, -0.14124316,  0.25817162, -0.17603233,\n",
      "         0.21438476, -0.3103788 , -0.20965296, -0.00515941,  0.06496947],\n",
      "       [ 0.22704402,  0.37525156,  0.09783411,  0.03112054,  0.03029384,\n",
      "        -0.39707807,  0.11184436, -0.02283027, -0.00476636, -0.30159155,\n",
      "         0.15088364, -0.26057673,  0.35662687,  0.10335846,  0.22020063,\n",
      "        -0.35039544,  0.1002176 , -0.10496482, -0.30348998, -0.1467268 ],\n",
      "       [ 0.23956819,  0.09830161, -0.21379712,  0.03048075, -0.57202053,\n",
      "        -0.01653716,  0.08522221,  0.28169835,  0.05313343, -0.07071267,\n",
      "         0.13420944,  0.32828492, -0.15719056, -0.28191558,  0.38119623,\n",
      "         0.05210307,  0.26203248, -0.06951869,  0.06543462,  0.09280334],\n",
      "       [ 0.1760981 , -0.3064808 ,  0.34521952,  0.24197462,  0.05286365,\n",
      "        -0.24341922,  0.18145809,  0.10643983, -0.27033746, -0.2276245 ,\n",
      "        -0.05186825, -0.13714434,  0.00110928, -0.5748833 , -0.17232652,\n",
      "        -0.01131746, -0.11264882, -0.03534073,  0.26523417, -0.00565094],\n",
      "       [ 0.22793725, -0.21958601,  0.46010244, -0.0598953 , -0.08887359,\n",
      "        -0.05432459, -0.390755  , -0.09753647, -0.09536682, -0.2616182 ,\n",
      "         0.28522632,  0.28141633, -0.08737243,  0.3876836 ,  0.18654254,\n",
      "         0.10192125, -0.14051174,  0.15002307,  0.12884529, -0.10694276],\n",
      "       [ 0.25794113, -0.10144071, -0.44738796, -0.3452229 , -0.05689592,\n",
      "        -0.13999511,  0.07617116, -0.07123988, -0.00321276, -0.30395347,\n",
      "         0.17089261, -0.08068418, -0.32059595,  0.10639527, -0.48327   ,\n",
      "        -0.1511163 ,  0.04647767,  0.0742663 ,  0.1322734 , -0.2153069 ],\n",
      "       [ 0.22395767,  0.07936715, -0.02270458, -0.18033229,  0.13090278,\n",
      "         0.09040094, -0.48786408,  0.12849186, -0.11319231,  0.0045805 ,\n",
      "        -0.20572756,  0.27750397,  0.12774898, -0.12763691, -0.20835932,\n",
      "        -0.22165984, -0.03837669, -0.5973542 , -0.04750534,  0.11312348],\n",
      "       [ 0.22863448, -0.46857172, -0.00446492, -0.03633204, -0.30539522,\n",
      "         0.06262995,  0.0728772 , -0.50374806,  0.0603893 ,  0.20834564,\n",
      "        -0.09733661, -0.1615542 , -0.02459716, -0.07494462,  0.12826392,\n",
      "         0.00413187, -0.07893538, -0.27187905, -0.39791304, -0.16357937],\n",
      "       [ 0.22009297,  0.2609946 ,  0.01961362,  0.25153333,  0.34930626,\n",
      "         0.28032362,  0.05456054, -0.19262281,  0.45028532, -0.02509663,\n",
      "         0.31523243,  0.15863575, -0.23540607, -0.28417307,  0.04452749,\n",
      "        -0.03402142, -0.24781719, -0.06451453,  0.00325736, -0.21514882]],\n",
      "      dtype=float32))\n"
     ]
    }
   ],
   "source": [
    "import torch\n",
    "import numpy as np\n",
    "\n",
    "N = 20\n",
    "Sigma_half = torch.rand(N, N).numpy()\n",
    "Sigma_half_symmetric = (Sigma_half+Sigma_half.T)/2\n",
    "Sigma = Sigma_half_symmetric @ Sigma_half_symmetric\n",
    "print(np.linalg.eig(Sigma))"
   ]
  }
 ],
 "metadata": {
  "kernelspec": {
   "display_name": "myenv",
   "language": "python",
   "name": "python3"
  },
  "language_info": {
   "codemirror_mode": {
    "name": "ipython",
    "version": 3
   },
   "file_extension": ".py",
   "mimetype": "text/x-python",
   "name": "python",
   "nbconvert_exporter": "python",
   "pygments_lexer": "ipython3",
   "version": "3.11.5"
  }
 },
 "nbformat": 4,
 "nbformat_minor": 2
}
